8778	0.018867924528301886
3321	0.018867924528301886
4433	0.015723270440251572
8887	0.015723270440251572
7778	0.012578616352201259
5667	0.012578616352201259
7765	0.012578616352201259
4444	0.012578616352201259
3232	0.012578616352201259
6787	0.009433962264150943
3445	0.009433962264150943
8888	0.009433962264150943
5432	0.009433962264150943
2322	0.009433962264150943
9887	0.009433962264150943
9909	0.009433962264150943
6676	0.009433962264150943
3432	0.009433962264150943
8988	0.009433962264150943
2221	0.009433962264150943
2122	0.009433962264150943
2321	0.009433962264150943
0909	0.009433962264150943
3344	0.009433962264150943
6655	0.009433962264150943
2344	0.009433962264150943
4432	0.009433962264150943
5443	0.009433962264150943
5543	0.009433962264150943
9098	0.009433962264150943
5567	0.009433962264150943
8889	0.009433962264150943
0009	0.006289308176100629
0900	0.006289308176100629
4543	0.006289308176100629
4554	0.006289308176100629
5454	0.006289308176100629
2121	0.006289308176100629
8900	0.006289308176100629
9990	0.006289308176100629
5556	0.006289308176100629
2233	0.006289308176100629
3222	0.006289308176100629
1233	0.006289308176100629
6545	0.006289308176100629
121q	0.006289308176100629
9989	0.006289308176100629
0990	0.006289308176100629
7789	0.006289308176100629
8899	0.006289308176100629
5456	0.006289308176100629
5545	0.006289308176100629
8998	0.006289308176100629
0098	0.006289308176100629
4445	0.006289308176100629
3455	0.006289308176100629
4332	0.006289308176100629
3444	0.006289308176100629
5455	0.006289308176100629
3433	0.006289308176100629
6778	0.006289308176100629
6666	0.006289308176100629
2323	0.006289308176100629
3322	0.006289308176100629
454r	0.006289308176100629
8767	0.006289308176100629
1211	0.006289308176100629
6788	0.006289308176100629
8987	0.006289308176100629
8777	0.006289308176100629
3434	0.006289308176100629
3221	0.006289308176100629
2111	0.006289308176100629
8898	0.006289308176100629
7676	0.006289308176100629
4323	0.006289308176100629
2343	0.006289308176100629
frtg	0.0031446540880503146
456y	0.0031446540880503146
4321	0.0031446540880503146
9000	0.0031446540880503146
ered	0.0031446540880503146
vbvb	0.0031446540880503146
6667	0.0031446540880503146
vcdd	0.0031446540880503146
6554	0.0031446540880503146
y665	0.0031446540880503146
565t	0.0031446540880503146
2w23	0.0031446540880503146
6566	0.0031446540880503146
iikj	0.0031446540880503146
5677	0.0031446540880503146
7899	0.0031446540880503146
8766	0.0031446540880503146
6654	0.0031446540880503146
3333	0.0031446540880503146
2334	0.0031446540880503146
8878	0.0031446540880503146
9877	0.0031446540880503146
7678	0.0031446540880503146
e344	0.0031446540880503146
9009	0.0031446540880503146
4566	0.0031446540880503146
7898	0.0031446540880503146
3233	0.0031446540880503146
fre3	0.0031446540880503146
gfgg	0.0031446540880503146
0090	0.0031446540880503146
t567	0.0031446540880503146
jhgh	0.0031446540880503146
455t	0.0031446540880503146
u787	0.0031446540880503146
5444	0.0031446540880503146
vbgb	0.0031446540880503146
6656	0.0031446540880503146
5654	0.0031446540880503146
7777	0.0031446540880503146
6678	0.0031446540880503146
8787	0.0031446540880503146
rrrt	0.0031446540880503146
2333	0.0031446540880503146
4455	0.0031446540880503146
3323	0.0031446540880503146
65t5	0.0031446540880503146
6565	0.0031446540880503146
5565	0.0031446540880503146
6766	0.0031446540880503146
9878	0.0031446540880503146
7888	0.0031446540880503146
7889	0.0031446540880503146
7788	0.0031446540880503146
6544	0.0031446540880503146
9998	0.0031446540880503146
7877	0.0031446540880503146
zxcc	0.0031446540880503146
3343	0.0031446540880503146
4334	0.0031446540880503146
9999	0.0031446540880503146
8876	0.0031446540880503146
22ws	0.0031446540880503146
-090	0.0031446540880503146
4544	0.0031446540880503146
2212	0.0031446540880503146
333e	0.0031446540880503146
45ty	0.0031446540880503146
6556	0.0031446540880503146
8789	0.0031446540880503146
4556	0.0031446540880503146
sasw	0.0031446540880503146
sssa	0.0031446540880503146
4567	0.0031446540880503146
9890	0.0031446540880503146
7878	0.0031446540880503146
0999	0.0031446540880503146
7666	0.0031446540880503146
ghyy	0.0031446540880503146
4345	0.0031446540880503146
2211	0.0031446540880503146
665t	0.0031446540880503146
654r	0.0031446540880503146
788i	0.0031446540880503146
900p	0.0031446540880503146
1111	0.0031446540880503146
8890	0.0031446540880503146
0099	0.0031446540880503146
7890	0.0031446540880503146
7766	0.0031446540880503146
3332	0.0031446540880503146
nnhy	0.0031446540880503146
212w	0.0031446540880503146
4343	0.0031446540880503146
5554	0.0031446540880503146
9898	0.0031446540880503146
4322	0.0031446540880503146
3334	0.0031446540880503146
223e	0.0031446540880503146
4443	0.0031446540880503146
2234	0.0031446540880503146
8788	0.0031446540880503146
oo99	0.0031446540880503146
llkj	0.0031446540880503146
90po	0.0031446540880503146
6777	0.0031446540880503146
gbnn	0.0031446540880503146
4565	0.0031446540880503146
7677	0.0031446540880503146
1123	0.0031446540880503146
w233	0.0031446540880503146
i876	0.0031446540880503146
0988	0.0031446540880503146
3234	0.0031446540880503146
ccvf	0.0031446540880503146
ghgh	0.0031446540880503146
5666	0.0031446540880503146
