00909	0.037037037037037035
11111	0.037037037037037035
44322	0.037037037037037035
55654	0.018518518518518517
43323	0.018518518518518517
66789	0.018518518518518517
11123	0.018518518518518517
44433	0.018518518518518517
4544r	0.018518518518518517
77888	0.018518518518518517
55655	0.018518518518518517
98787	0.018518518518518517
76777	0.018518518518518517
i8877	0.018518518518518517
33323	0.018518518518518517
87665	0.018518518518518517
65443	0.018518518518518517
21221	0.018518518518518517
55555	0.018518518518518517
09889	0.018518518518518517
89900	0.018518518518518517
12332	0.018518518518518517
56788	0.018518518518518517
ggfgb	0.018518518518518517
34322	0.018518518518518517
67666	0.018518518518518517
09877	0.018518518518518517
21212	0.018518518518518517
66788	0.018518518518518517
12345	0.018518518518518517
33344	0.018518518518518517
90909	0.018518518518518517
98999	0.018518518518518517
fgbgb	0.018518518518518517
09098	0.018518518518518517
34434	0.018518518518518517
09099	0.018518518518518517
54544	0.018518518518518517
22121	0.018518518518518517
56777	0.018518518518518517
33343	0.018518518518518517
56544	0.018518518518518517
09009	0.018518518518518517
87878	0.018518518518518517
98899	0.018518518518518517
67665	0.018518518518518517
34565	0.018518518518518517
67890	0.018518518518518517
66555	0.018518518518518517
78788	0.018518518518518517
23223	0.018518518518518517
